0.320449	6.9565e-9	0	0	-1.69525e-9	1.17563e-7	
0.375964	5.65218e-8	0	0	-1.2924857419464747e-8	1.138087627707568e-7
0.417532	5.87094e-8	0	0	-1.2293490170796452e-8	1.17041683978555e-7
0.46056	7.42589e-8	0	0	-1.6461934841282094e-8	1.1581025659856245e-7
0.52246	8.28643e-8	0	0	-1.836960957509226e-8	1.042508259442476e-7
0.584432	2.08799e-7	0	0	-1.1918369825581461e-7	1.1242135755869234e-7
0.655699	2.59674e-7	0	0	-1.2916364494659414e-7	1.1896979896989203e-7
0.747589	2.05741e-7	0	0	-1.0882509312391591e-7	1.0801988101845878e-7
0.853168	2.99358e-7	0	0	-1.180136416177639e-7	1.0376953995494828e-7
0.985522	2.96486e-7	0	0	-1.0036819955901019e-7	9.420799685267655e-8
1.13879	3.46001e-7	0	0	-1.2715626407725807e-7	9.685091619939797e-8
1.33177	3.60026e-7	0	0	-9.592542694018107e-8	8.98176537063232e-8
1.61495	3.25381e-7	0	0	-8.870739761906931e-8	9.057530421559124e-8
1.9292	3.98598e-7	0	0	-8.971328962601605e-8	8.033242450356435e-8
2.29474	3.54111e-7	0	0	-7.293448120616751e-8	8.185782254125745e-8
2.92635	3.3898e-7	0	0	-7.898412986951472e-8	7.697649357081468e-8
3.73714	3.31633e-7	0	0	-6.753313100348797e-8	6.522862708441626e-8
5.09481	2.90922e-7	0	0	-5.7926696895061564e-8	6.75224964206731e-8
7.15715	1.77527e-7	0	0	-5.1041361677977585e-8	4.828224616658221e-8
10.0185	2.14269e-7	0	0	-5.9217053085754516e-8	4.572696179783787e-8
15.7942	1.03081e-7	0	0	-4.6181954850731134e-8	4.7188852659464455e-8
28.1938	9.41143e-8	0	0	-3.258027091197493e-8	3.04053668503624e-8
62.7992	5.36054e-8	0	0	-3.206103926260427e-8	2.9258891122545464e-8
